1996 4 2 1.0171e+07 0.25 
1997 4 2 1.46019e+07 0.25 
1998 4 2 1.22141e+07 0.25 
1999 4 2 1.21594e+07 0.25 
2000 4 2 1.14899e+07 0.25 
2001 4 2 1.66791e+07 0.25 
2002 4 2 2.33413e+07 0.25 
2003 4 2 1.5953e+07 0.25 
2004 4 2 NA NA 
2005 4 2 2.65705e+07 0.25 
2006 4 2 1.79688e+07 0.25 
2007 4 2 1.0355e+07 0.25 
2008 4 2 6.29799e+06 0.25 
2009 4 2 8.59685e+06 0.25 
2010 4 2 6.72408e+06 0.25 
2011 4 2 2.84834e+06 0.25 
2012 4 2 NA NA 
2013 4 2 2.57361e+06 0.25 
2014 4 2 2.8611e+06 0.25 
2015 4 2 2.24166e+06 0.25 
2016 4 2 4.34935e+06 0.25 
2017 4 2 2.39294e+06 0.25 
2018 4 2 3.34799e+06 0.25