 1996 4 2 0 0 1 -1 -1 25 0 1.62259e+06 2.10899e+06 2.78296e+06 2.81705e+06 794531 44913
 1997 4 2 0 0 1 -1 -1 25 0 4.37369e+06 5.38816e+06 1.71498e+06 1.36023e+06 1.46137e+06 303499
 1998 4 2 0 0 1 -1 -1 25 0 2.15222e+06 4.14057e+06 2.22252e+06 1.4889e+06 1.23005e+06 979892
 1999 4 2 0 0 1 -1 -1 25 0 5.78914e+06 2.6178e+06 1.55219e+06 934033 640656 625539
 2000 4 2 0 0 1 -1 -1 25 0 4.94293e+06 2.36686e+06 1.5754e+06 1.12635e+06 726783 751531
 2001 4 2 0 0 1 -1 -1 25 0 1.38353e+07 1.03702e+06 702016 476215 370599 257994
 2002 4 2 0 0 1 -1 -1 25 0 1.30391e+07 6.97928e+06 1.1903e+06 1.12799e+06 566829 437827
 2003 4 2 0 0 1 -1 -1 25 0 5.91833e+06 4.52517e+06 3.57881e+06 1.03066e+06 573086 326893
 2004 4 2 0 0 1 -1 -1 25 NA NA NA NA NA NA NA
 2005 4 2 0 0 1 -1 -1 25 0 2.27695e+07 1.3337e+06 689413 759794 649425 368658
 2006 4 2 0 0 1 -1 -1 25 0 7.45456e+06 8.30921e+06 577248 451829 578912 597002
 2007 4 2 0 0 1 -1 -1 25 0 1.61594e+06 3.12091e+06 3.99344e+06 638458 284628 701618
 2008 4 2 0 0 1 -1 -1 25 0 1.54238e+06 1.08103e+06 985435 1.97236e+06 216892 499897
 2009 4 2 0 0 1 -1 -1 25 0 5.55023e+06 667139 418749 691478 772710 496546
 2010 4 2 0 0 1 -1 -1 25 0 4.66678e+06 698477 536869 187723 268695 365542
 2011 4 2 0 0 1 -1 -1 25 0 838225 1.24923e+06 202249 140467 89758 328420
 2012 4 2 0 0 1 -1 -1 25 NA NA NA NA NA NA NA
 2013 4 2 0 0 1 -1 -1 25 0 1.82424e+06 207875 192844 70141 123907 154603
 2014 4 2 0 0 1 -1 -1 25 0 2.00145e+06 427454 148818 120774 48246 114350
 2015 4 2 0 0 1 -1 -1 25 0 1.64499e+06 186212 155652 81948 85919 86940
 2016 4 2 0 0 1 -1 -1 25 0 2.37674e+06 627658 473115 263478 300328 308035
 2017 4 2 0 0 1 -1 -1 25 0 990618 891756 192469 109240 99938 108923
 2018 4 2 0 0 1 -1 -1 25 0 659852 1.58103e+06 647031 172372 129172 158533